4294967278,268
4294967279,400
4294967278,266
4294967294,995
4294967294,97
4294967278,343
4294967278,263
4294967279,370
4294967278,543
4294967279,275
4294967278,375
4294967278,557
4294967279,399
4294967294,12
4294967294,424
4294967294,68
4294967278,374
4294967278,373
4294967278,372
4294967278,234
4294967279,233
4294967278,231
4294967279,231
4294967278,331
4294967278,342
4294967279,227
4294967278,311
4294967278,371
4294967279,440
4294967279,2
4294967279,365
4294967278,304
4294967279,439
4294967279,201
4294967279,389
4294967278,341
4294967278,552
4294967278,370
4294967279,381
4294967279,335
4294967278,369
4294967279,438
4294967279,437
4294967279,377
4294967278,368
4294967279,436
4294967279,358
4294967278,296
4294967279,435
4294967278,367
4294967278,563
4294967278,335
4294967279,434
4294967279,287
4294967279,433
4294967279,432
4294967279,431
4294967279,328
4294967279,285
4294967279,373
4294967278,288
4294967278,366
4294967278,517
4294967279,430
4294967278,365
4294967279,429
4294967279,428
4294967278,364
4294967278,363
4294967278,362
4294967278,538
4294967279,427
4294967278,174
4294967279,247
4294967279,243
4294967278,241
4294967279,384
4294967278,312
4294967279,307
4294967278,48
4294967278,47
4294967278,46
4294967278,44
4294967278,38
4294967278,37
4294967278,35
4294967278,29
4294967279,235
4294967278,132
4294967278,131
4294967278,130
4294967278,129
4294967278,128
4294967278,127
4294967278,126
4294967278,125
4294967278,124
4294967278,123
4294967278,122
4294967278,121
4294967278,120
4294967278,119
4294967278,118
4294967278,117
4294967278,116
4294967278,115
4294967278,114
4294967278,113
4294967278,112
4294967278,111
4294967278,110
4294967278,109
4294967278,108
4294967278,107
4294967278,106
4294967278,105
4294967278,104
4294967278,103
4294967278,102
4294967278,101
4294967278,100
4294967278,99
4294967278,98
4294967278,95
4294967278,94
4294967278,93
4294967278,92
4294967278,90
4294967278,89
4294967278,87
4294967278,85
4294967278,84
4294967278,83
4294967278,82
4294967278,81
4294967278,80
4294967278,79
4294967278,78
4294967278,77
4294967278,75
4294967278,73
4294967278,71
4294967278,70
4294967278,69
4294967278,68
4294967278,67
4294967278,66
4294967278,63
4294967278,62
4294967278,61
4294967278,60
4294967278,59
4294967278,58
4294967278,57
4294967278,56
4294967278,55
4294967278,54
4294967278,53
4294967278,52
4294967278,51
4294967278,50
4294967279,87
4294967279,86
4294967279,85
4294967279,84
4294967279,83
4294967279,82
4294967279,81
4294967279,80
4294967279,79
4294967279,78
4294967279,77
4294967279,76
4294967279,75
4294967279,74
4294967279,73
4294967279,72
4294967279,71
4294967279,70
4294967279,69
4294967279,68
4294967279,67
4294967279,66
4294967279,65
4294967279,64
4294967279,63
4294967279,62
4294967279,61
4294967279,60
4294967279,59
4294967279,58
4294967279,57
4294967279,56
4294967279,55
4294967279,54
4294967279,53
4294967279,52
4294967279,51
4294967279,49
4294967279,48
4294967279,47
4294967279,46
4294967279,45
4294967279,43
4294967279,42
4294967279,41
4294967279,40
4294967279,39
4294967279,38
4294967279,37
4294967279,36
4294967279,34
4294967279,33
4294967279,32
4294967279,31
4294967279,30
4294967279,29
4294967279,28
4294967279,27
4294967279,26
4294967279,25
4294967279,24
4294967279,23
4294967279,22
4294967279,21
4294967279,20
4294967279,19
4294967279,18
4294967279,17
4294967279,16
4294967279,15
4294967279,14
4294967279,13
4294967279,12
4294967279,11
4294967279,10
4294967279,9
4294967279,8
4294967279,7
4294967279,6
4294967279,5
4294967279,4
4294967279,220
4294967278,217
4294967278,361
212,4
212,3
212,2
212,1
4294967279,338
4294967293,131
4294967293,130
4294967293,129
4294967293,128
4294967293,127
4294967293,126
4294967293,125
4294967293,124
4294967293,123
4294967293,122
4294967293,121
4294967293,120
4294967293,119
4294967293,118
4294967293,117
4294967293,116
4294967293,115
4294967293,114
4294967293,113
4294967293,112
4294967293,111
4294967293,110
4294967293,109
4294967293,108
4294967293,107
4294967293,106
4294967293,105
4294967293,104
4294967293,103
4294967293,102
4294967293,101
4294967293,100
4294967293,99
4294967293,98
4294967293,97
4294967293,96
4294967293,95
4294967293,94
4294967293,93
4294967293,92
4294967293,91
4294967293,90
4294967293,89
4294967293,87
4294967293,86
4294967293,85
4294967293,84
4294967293,83
4294967293,82
4294967293,81
4294967293,80
4294967293,79
4294967293,78
4294967293,77
4294967293,76
4294967293,75
4294967293,74
4294967293,73
4294967293,72
4294967293,71
4294967293,70
4294967293,69
4294967293,68
4294967278,97
4294967278,96
4294967278,91
4294967278,65
4294967278,290
4294967279,326
4294967279,35
4294967279,88
4294967279,336
211,5
211,4
211,3
211,2
211,1
4294967278,569
4294967279,298
4294967279,187
4294967294,161
4294967294,1003
4294967278,329
207,5
207,4
207,3
207,2
207,1
4294967279,426
4294967279,425
4294967278,145
4294967278,520
4294967278,143
204,5
204,4
204,3
204,2
204,1
4294967278,515
4294967279,316
4294967278,284
4294967279,269
4294967278,273
4294967279,280
4294967278,270
4294967279,263
4294967278,265
4294967278,261
4294967279,256
201,5
4294967279,254
4294967278,258
201,4
201,3
201,2
201,1
4294967279,349
200,5
4294967279,345
4294967278,537
200,4
200,3
200,2
200,1
4294967278,323
4294967278,253
199,6
4294967279,341
4294967279,248
199,5
4294967278,333
199,4
199,3
199,2
199,1
4294967279,222
4294967278,360
4294967279,218
197,6
4294967278,359
4294967279,215
4294967279,303
4294967278,573
4294967279,309
4294967294,180
4294967294,411
4294967294,463
4294967278,572
4294967279,305
4294967279,209
197,5
197,4
4294967279,208
197,3
197,2
197,1
4294967279,203
4294967278,86
4294967278,570
4294967278,534
195,5
4294967279,199
195,4
195,3
195,2
195,1
194,5
4294967278,76
194,4
194,3
194,2
194,1
4294967278,567
4294967279,380
4294967278,74
4294967278,358
193,6
4294967294,1012
4294967294,1009
4294967294,193
4294967294,190
4294967278,72
4294967278,185
193,5
193,4
193,3
193,2
193,1
4294967278,64
4294967279,294
4294967278,297
192,5
192,4
192,3
192,2
192,1
4294967294,1417
191,5
191,4
191,3
191,2
191,1
4294967279,289
4294967279,424
4294967279,50
190,5
4294967278,159
190,4
190,3
190,2
190,1
4294967279,423
4294967279,44
4294967278,340
4294967279,422
4294967278,339
4294967294,414
4294967294,450
4294967294,391
4294967294,108
4294967294,116
4294967294,400
4294967294,184
4294967279,282
4294967278,338
4294967278,283
4294967278,512
4294967278,357
4294967278,274
4294967278,356
4294967279,421
4294967278,337
4294967278,355
4294967278,0
4294967294,998
4294967294,1001
4294967278,267
4294967279,420
4294967278,314
4294967279,419
4294967279,352
4294967279,369
4294967278,574
4294967278,575
4294967279,418
4294967294,439
4294967294,392
4294967294,115
